x <- 25
Y <- 50
Z <- 79
